T=10
QuickSort
100000	0.2
200000	0.5
400000	0.9
800000	1.9
1600000	3.9

QuickSort-3sample
100000	0.2
200000	0.5
400000	1.o
800000	2.0
1600000	4.2

QuickSort-small sort
100000	0.2
200000	0.4
400000	0.9
800000	1.9
1600000	4.0

QuickSortX
100000	0.2
200000	0.4
400000	0.8
800000	1.8
1600000	4.0

QuickSort3WayPartition
100000 	0.1
200000 	0.3
400000	0.5
800000	1.0
1600000	2.0

QuickSortQuick3Way
100000 	0.1
200000 	0.2
400000	0.4
800000	0.7
1600000 1.5

-----------------------------------------------

Medium 
10000	0.031
20000	0.032
40000	0.037
80000	0.044
160000	0.063
